#    NISwl      KURwl      NISa      KURa     NISel      NISeu     KURel      KUReu
    178.39     178.39  2.90E+04  2.90E+05       0.0    56057.9       0.0    56057.9
    179.31     179.31  6.40E+05  2.93E+05       0.0    55769.7       0.0    55769.7
    201.93     201.93  1.20E+07  1.59E+07   23715.2    73237.1   23715.2    73237.1
    205.25     205.25  2.40E+07  3.03E+07   24516.7    73237.1   24516.7    73237.1
    215.35     215.35  2.36E+08  3.76E+08   14555.9    60991.3   14555.9    60991.3
    216.66     216.66  1.68E+07  2.64E+07   14836.2    60991.3   14836.2    60991.3
    216.67     216.67  2.53E+08  3.96E+08   14836.2    60990.0   14836.2    60990.0
    228.27     228.27  8.30E+07  8.63E+07   23715.2    67522.9   23715.2    67522.9
    232.31     232.31  9.10E+07  9.84E+07   24516.7    67563.1   24516.7    67563.1
    232.52     232.52  1.50E+07  1.63E+07   24516.7    67522.9   24516.7    67522.9
    242.43     242.43  2.40E+07  3.15E+07   23715.2    64964.1   23715.2    64964.1
    247.23     247.23  4.80E+07  5.96E+07   24516.7    64964.1   24516.7    64964.1
    346.54     346.54  3.10E+08  2.85E+08   24516.7    53373.0   24516.7    53373.0
    347.59     347.59  5.10E+07  4.71E+07   24516.7    53286.3   24516.7    53286.3
    407.89     407.89  1.41E+08  1.39E+08       0.0    24516.7       0.0    24516.7
    416.30     416.30  6.50E+07  9.06E+07   23715.2    47736.5   23715.2    47736.5
    421.67     421.67  1.28E+08  1.26E+08       0.0    23715.2       0.0    23715.2
    430.67     430.67  1.40E+08  1.64E+08   24516.7    47736.5   24516.7    47736.5
    441.61     441.61  1.10E+07  1.25E+07   56057.9    78702.4   56057.9    78702.4
    441.87     441.87  1.80E+06  2.08E+06   56057.9    78688.8   56057.9    78688.8
    458.72     458.72  7.00E+06  7.80E+06   56057.9    77857.6   56057.9    77857.6
    530.46     530.46  1.90E+07  1.96E+07   55769.7    74621.3   55769.7    74621.3
    538.06     538.06  2.20E+07  2.26E+07   56057.9    74643.1   56057.9    74643.1
    538.69     538.69  3.70E+06  3.75E+06   56057.9    74621.3   56057.9    74621.3
    572.50     572.50  7.10E+06  7.51E+06   55769.7    73237.1   55769.7    73237.1
    582.10     582.10  1.40E+07  1.43E+07   56057.9    73237.1   56057.9    73237.1
    674.03      -1.00  2.56E+00  0.00E+00       0.0    14836.2      -1.0       -1.0
    687.01      -1.00  2.30E+00  0.00E+00       0.0    14555.9      -1.0       -1.0
    869.17     869.17  5.50E+07  4.83E+07   56057.9    67563.1   56057.9    67563.1
    872.22     872.22  1.00E+07  7.96E+06   56057.9    67522.9   56057.9    67522.9
   1003.94    1003.94  1.00E+06  1.07E+06   14555.9    24516.7   14555.9    24516.7
   1033.01    1033.01  8.70E+06  8.85E+06   14836.2    24516.7   14836.2    24516.7
   1091.79    1091.79  7.46E+06  8.33E+06   14555.9    23715.2   14555.9    23715.2
